real complex
[0.000000 0.000000]
[0.000000 0.000000]
[0.000000 0.000000]
[0.000000 0.000000]
[0.000000 0.000000]
[0.000000 0.000000]
[0.000000 0.000000]
[0.000000 0.000000]
[0.000000 0.000000]
[0.000000 0.000000]
[0.000000 0.000000]
[0.000000 0.000000]
[0.000000 0.000000]
[0.000000 0.000000]
[0.000000 0.000000]
[0.000000 -0.000031]
[0.000000 0.000031]
[0.000000 -0.000031]
[0.000000 0.000061]
[0.000000 -0.000061]
[0.000000 0.000122]
[0.000031 -0.000153]
[-0.000031 0.000336]
[0.000092 -0.001282]
[0.000122 -0.006744]
[0.000031 -0.006561]
[0.000092 -0.006836]
[0.000183 -0.006653]
[0.000122 -0.006744]
[0.000122 -0.006653]
[0.000153 -0.006683]
[0.000214 -0.006622]
[0.000153 -0.006531]
[0.000122 -0.006561]
[0.000183 -0.006561]
[0.000031 -0.006653]
[0.000061 -0.006622]
[0.000031 -0.006622]
[0.000122 -0.006592]
[0.000092 -0.006653]
[0.000214 -0.006714]
[0.000153 -0.006592]
[0.000153 -0.006531]
[0.000183 -0.006714]
[0.000214 -0.006531]
[0.000031 -0.006531]
[0.000153 -0.006592]
[0.000275 -0.006561]
[0.000153 -0.006622]
[0.000214 -0.006622]
[0.000061 -0.006683]
[0.000092 -0.006592]
[0.000214 -0.006683]
[0.000275 -0.006714]
[0.000092 -0.006622]
[0.000183 -0.006561]
[0.000244 -0.006531]
[0.000183 -0.006653]
[0.000275 -0.006531]
[0.000153 -0.006592]
[0.000244 -0.006714]
[0.000183 -0.006653]
[0.000183 -0.006622]
[0.000153 -0.006592]
[0.000122 -0.006683]
[0.000183 -0.006714]
[0.000183 -0.006653]
[0.000275 -0.006500]
[0.000153 -0.006683]
[0.000275 -0.006561]
[0.000244 -0.006592]
[0.000275 -0.006683]
[0.000244 -0.006653]
[0.000275 -0.006714]
[0.000366 -0.006531]
[0.000244 -0.006531]
[0.000244 -0.006683]
[0.000092 -0.006714]
[0.000214 -0.006592]
[0.000214 -0.006561]
[0.000244 -0.006622]
[0.000183 -0.006439]
[0.000244 -0.006683]
[0.000214 -0.006744]
[0.000305 -0.006531]
[0.000244 -0.006561]
[0.000305 -0.006592]
[0.000122 -0.006500]
[0.000183 -0.006775]
[0.000275 -0.006622]
[0.000275 -0.006683]
[0.000275 -0.006561]
[0.000122 -0.006683]
[0.000275 -0.006744]
[0.000244 -0.006500]
[0.000366 -0.006683]
[0.000153 -0.006622]
[0.000366 -0.006622]
[0.000183 -0.006805]
[0.000305 -0.006714]
[0.000214 -0.006653]
[0.000244 -0.006653]
[0.000305 -0.006653]
[0.000275 -0.006622]
[0.000244 -0.006622]
[0.000275 -0.006531]
[0.000366 -0.006622]
[0.000275 -0.006683]
[0.000183 -0.006622]
[0.000336 -0.006775]
[0.000275 -0.006653]
[0.000305 -0.006683]
[0.000366 -0.006714]
[0.000305 -0.006683]
[0.000336 -0.006714]
[0.000183 -0.006683]
[0.000275 -0.006683]
[0.000244 -0.006653]
[0.000275 -0.006653]
[0.000305 -0.006592]
[0.000305 -0.006683]
[0.000336 -0.006592]
[0.000092 -0.006622]
[0.000244 -0.006653]
[0.000183 -0.006592]
[0.000427 -0.006592]
[0.000305 -0.006622]
[0.000305 -0.006561]
[0.000214 -0.006653]
[0.000183 -0.006531]
[0.000305 -0.006683]
[0.000366 -0.006622]
[0.000366 -0.006592]
[0.000092 -0.006592]
[0.000153 -0.006653]
[0.000305 -0.006653]
[0.000336 -0.006683]
[0.000336 -0.006714]
[0.000244 -0.006683]
[0.000244 -0.006592]
[0.000214 -0.006561]
[0.000305 -0.006561]
[0.000488 -0.006653]
[0.000305 -0.006683]
[0.000519 -0.006714]
[0.000458 -0.006714]
[0.000610 -0.006500]
[0.000458 -0.006683]
[0.000275 -0.006592]
[0.000214 -0.006714]
[0.000275 -0.006531]
[0.000397 -0.006531]
[0.000305 -0.006622]
[0.000366 -0.006531]
[0.000336 -0.006592]
[0.000305 -0.006622]
[0.000458 -0.006592]
[0.000305 -0.006561]
[0.000397 -0.006653]
[0.000427 -0.006561]
[0.000427 -0.006531]
[0.000427 -0.006775]
[0.000458 -0.006622]
[0.000305 -0.006622]
[0.000305 -0.006775]
[0.000519 -0.006622]
[0.000183 -0.006775]
[0.000244 -0.006683]
[0.000458 -0.006653]
[0.000366 -0.006592]
[0.000275 -0.006714]
[0.000305 -0.006714]
[0.000275 -0.006500]
[0.000458 -0.006592]
[0.000336 -0.006683]
[0.000244 -0.006500]
[0.000366 -0.006531]
[0.000336 -0.006714]
[0.000427 -0.006683]
[0.000427 -0.006622]
[0.000427 -0.006592]
[0.000305 -0.006653]
[0.000305 -0.006683]
[0.000366 -0.006683]
[0.000305 -0.006775]
[0.000458 -0.006683]
[0.000610 -0.006561]
[0.000549 -0.006561]
[0.000366 -0.006592]
[0.000397 -0.006683]
[0.000458 -0.006531]
[0.000427 -0.006622]
[0.000488 -0.006622]
[0.000397 -0.006744]
[0.000397 -0.006622]
[0.000427 -0.006683]
[0.000397 -0.006500]
[0.000153 -0.006622]
[0.000366 -0.006714]
[0.000427 -0.006714]
[0.000488 -0.006683]
[0.000336 -0.006531]
[0.000336 -0.006744]
[0.000305 -0.006714]
[0.000275 -0.006714]
[0.000366 -0.006653]
[0.000397 -0.006592]
[0.000305 -0.006531]
[0.000488 -0.006775]
[0.000427 -0.006531]
[0.000427 -0.006744]
[0.000549 -0.006744]
[0.000519 -0.006531]
[0.000366 -0.006592]
[0.000397 -0.006744]
[0.000519 -0.006775]
[0.000488 -0.006622]
[0.000458 -0.006714]
[0.000488 -0.006683]
[0.000397 -0.006592]
[0.000336 -0.006683]
[0.000397 -0.006805]
[0.000366 -0.006714]
[0.000580 -0.006653]
[0.000458 -0.006653]
[0.000488 -0.006714]
[0.000397 -0.006683]
[0.000427 -0.006561]
[0.000275 -0.006714]
[0.000366 -0.006592]
[0.000397 -0.006592]
[0.000427 -0.006622]
[0.000366 -0.006592]
[0.000427 -0.006592]
[0.000397 -0.006653]
[0.000488 -0.006592]
[0.000519 -0.006592]
[0.000488 -0.006653]
[0.000519 -0.006592]
[0.000610 -0.006348]
[0.000519 -0.006500]
[0.000366 -0.006592]
[0.000488 -0.006500]
[0.000641 -0.006683]
[0.000488 -0.006622]
[0.000427 -0.006531]
[0.000580 -0.006653]
[0.000458 -0.006500]
[0.000427 -0.006653]
[0.000336 -0.006592]
[0.000549 -0.006683]
[0.000397 -0.006714]
[0.000366 -0.006714]
[0.000336 -0.006622]
[0.000427 -0.006714]
[0.000488 -0.006439]
[0.000580 -0.006714]
[0.000427 -0.006683]
[0.000519 -0.006714]
[0.000671 -0.006592]
[0.000549 -0.006592]
[0.000580 -0.006500]
[0.000488 -0.006683]
[0.000366 -0.006500]
[0.000397 -0.006561]
[0.000610 -0.006683]
[0.000427 -0.006744]
[0.000580 -0.006622]
[0.000519 -0.006500]
[0.000427 -0.006531]
[0.000671 -0.006653]
[0.000580 -0.006683]
[0.000580 -0.006744]
[0.000671 -0.006531]
[0.000549 -0.006561]
[0.000580 -0.006775]
[0.000610 -0.006531]
[0.000488 -0.006409]
[0.000671 -0.006622]
[0.000549 -0.006592]
[0.000519 -0.006683]
[0.000671 -0.006653]
[0.000519 -0.006500]
[0.000671 -0.006531]
[0.000427 -0.006653]
[0.000610 -0.006592]
[0.000488 -0.006561]
[0.000549 -0.006622]
[0.000549 -0.006561]
[0.000549 -0.006653]
[0.000641 -0.006653]
[0.000519 -0.006531]
[0.000671 -0.006561]
[0.000671 -0.006683]
[0.000458 -0.006409]
[0.000580 -0.006592]
[0.000549 -0.006683]
[0.000580 -0.006653]
[0.000488 -0.006531]
[0.000427 -0.006622]
[0.000549 -0.006653]
[0.000610 -0.006470]
[0.000732 -0.006714]
[0.000702 -0.006592]
[0.000732 -0.006683]
[0.000458 -0.006561]
[0.000671 -0.006683]
[0.000610 -0.006775]
[0.000641 -0.006561]
[0.000610 -0.006683]
[0.000702 -0.006561]
[0.000641 -0.006653]
[0.000610 -0.006683]
[0.000641 -0.006561]
[0.000732 -0.006622]
[0.000824 -0.006531]
[0.000702 -0.006500]
[0.000763 -0.006622]
[0.000793 -0.006775]
[0.000610 -0.006531]
[0.000732 -0.006531]
[0.000610 -0.006622]
[0.000519 -0.006592]
[0.000671 -0.006561]
[0.000793 -0.006409]
[0.000641 -0.006714]
[0.000671 -0.006622]
[0.000519 -0.006714]
[0.000702 -0.006622]
[0.000732 -0.006683]
[0.000610 -0.006744]
[0.000671 -0.006653]
[0.000732 -0.006592]
[0.000763 -0.006653]
[0.000610 -0.006531]
[0.000641 -0.006622]
[0.000671 -0.006561]
[0.000732 -0.006622]
[0.000641 -0.006622]
[0.000641 -0.006775]
[0.000641 -0.006622]
[0.000580 -0.006653]
[0.000763 -0.006775]
[0.000580 -0.006744]
[0.000702 -0.006622]
[0.000793 -0.006592]
[0.000671 -0.006744]
[0.000610 -0.006531]
[0.000580 -0.006561]
[0.000641 -0.006653]
[0.000763 -0.006683]
[0.000854 -0.006653]
[0.000702 -0.006500]
[0.000702 -0.006531]
[0.000763 -0.006531]
[0.000793 -0.006622]
[0.000549 -0.006439]
[0.000641 -0.006622]
[0.000519 -0.006775]
[0.000458 -0.006561]
[0.000732 -0.006653]
[0.000610 -0.006592]
[0.000671 -0.006622]
[0.000732 -0.006561]
[0.000824 -0.006622]
[0.000763 -0.006744]
[0.000641 -0.006653]
[0.000732 -0.006683]
[0.000732 -0.006622]
[0.000732 -0.006683]
[0.000793 -0.006744]
[0.000702 -0.006683]
[0.000732 -0.006866]
[0.000763 -0.006805]
[0.000732 -0.006653]
[0.000793 -0.006714]
[0.000732 -0.006683]
[0.000793 -0.006744]
[0.000763 -0.006531]
[0.000641 -0.006683]
[0.000793 -0.006622]
[0.000732 -0.006409]
[0.000641 -0.006439]
[0.000671 -0.006592]
[0.000763 -0.006500]
[0.000610 -0.006500]
[0.000671 -0.006683]
[0.000732 -0.006592]
[0.000610 -0.006622]
[0.000732 -0.006561]
[0.000854 -0.006683]
[0.000916 -0.006622]
[0.000824 -0.006744]
[0.000732 -0.006592]
[0.000610 -0.006531]
[0.000641 -0.006561]
[0.000824 -0.006592]
[0.000763 -0.006470]
[0.000793 -0.006531]
[0.000854 -0.006592]
[0.000793 -0.006592]
[0.000793 -0.006653]
[0.000793 -0.006561]
[0.000763 -0.006439]
[0.000702 -0.006592]
[0.000763 -0.006531]
[0.000732 -0.006622]
[0.000671 -0.006622]
[0.000824 -0.006470]
[0.000580 -0.006531]
[0.000824 -0.006439]
[0.000702 -0.006439]
[0.000732 -0.006470]
[0.000793 -0.006561]
[0.000763 -0.006592]
[0.000885 -0.006622]
[0.000580 -0.006653]
[0.000641 -0.006592]
[0.000671 -0.006592]
[0.000763 -0.006500]
[0.000702 -0.006683]
[0.000854 -0.006683]
[0.000671 -0.006439]
[0.000641 -0.006622]
[0.000702 -0.006592]
[0.000702 -0.006592]
[0.000793 -0.006683]
[0.000641 -0.006561]
[0.000763 -0.006592]
[0.000763 -0.006561]
[0.000824 -0.006500]
[0.000702 -0.006561]
[0.000854 -0.006531]
[0.000854 -0.006561]
[0.000854 -0.006683]
[0.000946 -0.006531]
[0.000885 -0.006775]
[0.000793 -0.006622]
[0.000671 -0.006653]
[0.000763 -0.006683]
[0.000763 -0.006470]
[0.000793 -0.006744]
[0.000763 -0.006653]
[0.000732 -0.006531]
[0.000763 -0.006592]
[0.000732 -0.006592]
[0.000671 -0.006500]
[0.000885 -0.006592]
[0.000793 -0.006561]
[0.000885 -0.006622]
[0.000854 -0.006775]
[0.000824 -0.006622]
[0.000732 -0.006561]
[0.000824 -0.006622]
[0.000732 -0.006622]
[0.000702 -0.006531]
[0.000793 -0.006592]
[0.000763 -0.006561]
[0.000793 -0.006653]
[0.000824 -0.006592]
[0.000793 -0.006470]
[0.000732 -0.006653]
[0.000793 -0.006561]
[0.000549 -0.006744]
[0.000793 -0.006561]
[0.000824 -0.006409]
[0.000702 -0.006653]
[0.000641 -0.006470]
[0.000732 -0.006592]
[0.000671 -0.006653]
[0.000793 -0.006683]
[0.000824 -0.006653]
[0.000885 -0.006409]
[0.000702 -0.006622]
[0.000763 -0.006622]
[0.000763 -0.006683]
[0.000641 -0.006622]
[0.001038 -0.006531]
[0.000824 -0.006622]
[0.000824 -0.006561]
[0.000763 -0.006653]
[0.000854 -0.006470]
[0.000763 -0.006531]
[0.000916 -0.006561]
[0.000854 -0.006561]
[0.000824 -0.006592]
[0.000793 -0.006653]
[0.000793 -0.006622]
[0.000946 -0.006531]
[0.000854 -0.006683]
[0.000824 -0.006561]
[0.000916 -0.006622]
[0.000977 -0.006592]
[0.000885 -0.006470]
[0.000824 -0.006592]
[0.000885 -0.006592]
[0.000946 -0.006409]
[0.000824 -0.006531]
[0.000854 -0.006531]
[0.000885 -0.006561]
[0.000824 -0.006653]
[0.000916 -0.006592]
[0.000824 -0.006592]
[0.000854 -0.006561]
[0.000885 -0.006592]
[0.000977 -0.006561]
[0.001038 -0.006561]
[0.000916 -0.006561]
[0.000916 -0.006378]
[0.001068 -0.006561]
[0.000977 -0.006470]
[0.000916 -0.006561]
[0.000854 -0.006653]
[0.000824 -0.006561]
[0.000854 -0.006622]
[0.000793 -0.006409]
[0.000977 -0.006622]
[0.000885 -0.006592]
[0.000916 -0.006500]
[0.001007 -0.006622]
[0.000885 -0.006744]
[0.000885 -0.006622]
[0.001099 -0.006622]
[0.001068 -0.006592]
[0.000885 -0.006531]
[0.000732 -0.006714]
[0.000946 -0.006775]
[0.000854 -0.006683]
[0.000916 -0.006470]
[0.000885 -0.006622]
[0.001007 -0.006561]
[0.001068 -0.006683]
[0.000946 -0.006744]
[0.000885 -0.006531]
[0.001068 -0.006561]
[0.000916 -0.006561]
[0.001068 -0.006622]
[0.000977 -0.006531]
[0.001099 -0.006592]
[0.000977 -0.006653]
[0.000946 -0.006439]
[0.000946 -0.006561]
[0.000946 -0.006561]
[0.000916 -0.006592]
[0.001068 -0.006561]
[0.001007 -0.006622]
[0.000916 -0.006653]
[0.001007 -0.006622]
[0.000885 -0.006622]
[0.001007 -0.006653]
[0.000977 -0.006683]
[0.001068 -0.006592]
[0.000946 -0.006622]
[0.000916 -0.006653]
[0.001038 -0.006622]
[0.000977 -0.006714]
[0.000977 -0.006622]
[0.000916 -0.006500]
[0.000885 -0.006683]
[0.000946 -0.006622]
[0.001007 -0.006592]
[0.000916 -0.006744]
[0.000977 -0.006653]
[0.001068 -0.006592]
[0.000977 -0.006500]
[0.000854 -0.006561]
[0.000916 -0.006531]
[0.000977 -0.006500]
[0.001007 -0.006561]
[0.001160 -0.006531]
[0.001038 -0.006531]
[0.001007 -0.006622]
[0.000977 -0.006561]
[0.001038 -0.006775]
[0.001129 -0.006714]
[0.001068 -0.006683]
[0.000946 -0.006592]
[0.001068 -0.006531]
[0.001099 -0.006592]
[0.001068 -0.006592]
[0.001038 -0.006653]
[0.001099 -0.006592]
[0.000916 -0.006592]
[0.000885 -0.006744]
[0.001068 -0.006531]
[0.000977 -0.006348]
[0.001068 -0.006531]
[0.001007 -0.006744]
[0.001129 -0.006622]
[0.001068 -0.006561]
[0.000946 -0.006561]
[0.001007 -0.006470]
[0.000946 -0.006622]
[0.001007 -0.006470]
[0.001038 -0.006653]
[0.001038 -0.006531]
[0.000977 -0.006439]
[0.001068 -0.006683]
[0.001007 -0.006561]
[0.001007 -0.006500]
[0.000946 -0.006531]
[0.001129 -0.006439]
[0.001190 -0.006622]
[0.000946 -0.006592]
[0.000916 -0.006409]
[0.001129 -0.006653]
[0.001038 -0.006500]
[0.001129 -0.006592]
[0.001007 -0.006409]
[0.001007 -0.006622]
[0.001099 -0.006622]
[0.001190 -0.006470]
[0.001099 -0.006592]
[0.001038 -0.006470]
[0.001160 -0.006592]
[0.001099 -0.006592]
[0.001099 -0.006592]
[0.001190 -0.006653]
[0.001038 -0.006622]
[0.001129 -0.006653]
[0.001038 -0.006622]
[0.001007 -0.006622]
[0.001129 -0.006561]
[0.001251 -0.006622]
[0.000946 -0.006470]
[0.001129 -0.006561]
[0.001007 -0.006653]
[0.000977 -0.006531]
[0.001129 -0.006622]
[0.001038 -0.006683]
[0.001099 -0.006592]
[0.001190 -0.006500]
[0.001251 -0.006531]
[0.001068 -0.006470]
[0.001099 -0.006592]
[0.001129 -0.006653]
[0.000977 -0.006500]
[0.001129 -0.006531]
[0.001007 -0.006561]
[0.001129 -0.006531]
[0.001251 -0.006439]
[0.001038 -0.006470]
[0.001190 -0.006470]
[0.001251 -0.006622]
[0.001160 -0.006622]
[0.001221 -0.006531]
[0.001129 -0.006561]
[0.001038 -0.006500]
[0.001160 -0.006714]
[0.001038 -0.006592]
[0.001068 -0.006531]
[0.001129 -0.006561]
[0.001129 -0.006531]
[0.001038 -0.006653]
[0.001160 -0.006592]
[0.001160 -0.006622]
[0.001038 -0.006500]
[0.001099 -0.006378]
[0.001129 -0.006500]
[0.001038 -0.006500]
[0.001068 -0.006470]
[0.001129 -0.006531]
[0.000946 -0.006500]
[0.001068 -0.006592]
[0.001160 -0.006592]
[0.001190 -0.006622]
[0.001129 -0.006683]
[0.001221 -0.006622]
[0.001007 -0.006531]
[0.001007 -0.006622]
[0.001221 -0.006622]
[0.001160 -0.006744]
[0.001190 -0.006561]
[0.001251 -0.006531]
[0.001282 -0.006683]
[0.001282 -0.006653]
[0.001190 -0.006439]
[0.001312 -0.006714]
[0.001282 -0.006500]
[0.001221 -0.006592]
[0.001160 -0.006653]
[0.001038 -0.006622]
[0.001190 -0.006622]
[0.001160 -0.006592]
[0.001190 -0.006683]
[0.001221 -0.006683]
[0.001221 -0.006592]
[0.001099 -0.006500]
[0.001221 -0.006500]
[0.001190 -0.006531]
[0.001099 -0.006714]
[0.001038 -0.006653]
[0.001129 -0.006531]
[0.001129 -0.006653]
[0.001007 -0.006592]
[0.001129 -0.006561]
[0.001251 -0.006561]
[0.001312 -0.006531]
[0.001160 -0.006622]
[0.001312 -0.006653]
[0.001251 -0.006439]
[0.001068 -0.006500]
[0.001190 -0.006561]
[0.001282 -0.006714]
[0.001099 -0.006561]
[0.001160 -0.006744]
[0.001221 -0.006531]
[0.001312 -0.006287]
[0.001282 -0.006622]
[0.001190 -0.006622]
[0.001343 -0.006470]
[0.001404 -0.006439]
[0.001282 -0.006622]
[0.001221 -0.006622]
[0.001251 -0.006500]
[0.001343 -0.006592]
[0.001282 -0.006622]
[0.001190 -0.006531]
[0.001343 -0.006409]
[0.001343 -0.006592]
[0.001282 -0.006653]
[0.001312 -0.006561]
[0.001251 -0.006622]
[0.001190 -0.006561]
[0.001282 -0.006592]
[0.001251 -0.006622]
[0.001251 -0.006531]
[0.001160 -0.006622]
[0.001251 -0.006622]
[0.001312 -0.006409]
[0.001282 -0.006622]
[0.001129 -0.006622]
[0.001190 -0.006500]
[0.001221 -0.006592]
[0.001251 -0.006622]
[0.001282 -0.006500]
[0.001312 -0.006500]
[0.001282 -0.006561]
[0.001221 -0.006348]
[0.001343 -0.006653]
[0.001343 -0.006531]
[0.001312 -0.006653]
[0.001190 -0.006500]
[0.001251 -0.006348]
[0.001282 -0.006592]
[0.001434 -0.006622]
[0.001526 -0.006592]
[0.001160 -0.006470]
[0.001343 -0.006470]
[0.001312 -0.006500]
[0.001312 -0.006470]
[0.001221 -0.006592]
[0.001160 -0.006409]
[0.001312 -0.006409]
[0.001221 -0.006500]
[0.001221 -0.006500]
[0.001160 -0.006622]
[0.001312 -0.006470]
[0.001251 -0.006531]
[0.001190 -0.006500]
[0.001343 -0.006592]
[0.001282 -0.006500]
[0.001282 -0.006378]
[0.001404 -0.006653]
[0.001373 -0.006470]
[0.001434 -0.006531]
[0.001251 -0.006470]
[0.001404 -0.006500]
[0.001251 -0.006561]
[0.001282 -0.006531]
[0.001373 -0.006622]
[0.001404 -0.006348]
[0.001465 -0.006470]
[0.001343 -0.006500]
[0.001312 -0.006439]
[0.001373 -0.006500]
[0.001404 -0.006439]
[0.001373 -0.006531]
[0.001373 -0.006500]
[0.001282 -0.006500]
[0.001282 -0.006470]
[0.001190 -0.006378]
[0.001343 -0.006378]
[0.001312 -0.006439]
[0.001312 -0.006500]
[0.001312 -0.006409]
[0.001312 -0.006348]
[0.001404 -0.006592]
[0.001404 -0.006500]
[0.001434 -0.006500]
[0.001373 -0.006500]
[0.001373 -0.006439]
[0.001404 -0.006439]
[0.001221 -0.006439]
[0.001312 -0.006561]
[0.001465 -0.006317]
[0.001373 -0.006500]
[0.001434 -0.006531]
[0.001465 -0.006439]
[0.001404 -0.006561]
[0.001282 -0.006592]
[0.001343 -0.006653]
[0.001343 -0.006592]
[0.001404 -0.006622]
[0.001373 -0.006500]
[0.001404 -0.006561]
[0.001343 -0.006622]
[0.001343 -0.006561]
[0.001312 -0.006592]
[0.001312 -0.006561]
[0.001404 -0.006500]
[0.001343 -0.006470]
[0.001373 -0.006500]
[0.001404 -0.006470]
[0.001404 -0.006500]
[0.001312 -0.006531]
[0.001343 -0.006622]
[0.001404 -0.006470]
[0.001465 -0.006531]
[0.001343 -0.006409]
[0.001434 -0.006409]
[0.001434 -0.006439]
[0.001434 -0.006348]
[0.001434 -0.006470]
[0.001404 -0.006378]
[0.001495 -0.006470]
[0.001312 -0.006409]
[0.001373 -0.006409]
[0.001465 -0.006409]
[0.001495 -0.006470]
[0.001526 -0.006470]
[0.001434 -0.006561]
[0.001556 -0.006531]
[0.001465 -0.006561]
[0.001373 -0.006622]
[0.001526 -0.006561]
[0.001495 -0.006409]
[0.001404 -0.006622]
[0.001526 -0.006500]
[0.001404 -0.006470]
[0.001465 -0.006409]
[0.001373 -0.006653]
[0.001465 -0.006439]
[0.001373 -0.006348]
[0.001343 -0.006439]
[0.001343 -0.006531]
[0.001556 -0.006500]
[0.001465 -0.006439]
[0.001587 -0.006500]
[0.001404 -0.006470]
[0.001495 -0.006470]
[0.001434 -0.006531]
[0.001343 -0.006561]
[0.001434 -0.006470]
[0.001495 -0.006439]
[0.001495 -0.006409]
[0.001526 -0.006531]
[0.001343 -0.006531]
[0.001373 -0.006500]
[0.001434 -0.006317]
[0.001495 -0.006378]
[0.001404 -0.006561]
[0.001373 -0.006409]
[0.001434 -0.006500]
[0.001404 -0.006378]
[0.001434 -0.006531]
[0.001465 -0.006470]
[0.001556 -0.006531]
[0.001434 -0.006378]
[0.001495 -0.006348]
[0.001526 -0.006470]
[0.001526 -0.006439]
[0.001465 -0.006409]
[0.001343 -0.006439]
[0.001556 -0.006531]
[0.001556 -0.006378]
[0.001465 -0.006500]
[0.001434 -0.006592]
[0.001587 -0.006470]
[0.001465 -0.006714]
[0.001556 -0.006592]
[0.001648 -0.006592]
[0.001465 -0.006500]
[0.001465 -0.006500]
[0.001495 -0.006531]
[0.001373 -0.006439]
[0.001465 -0.006378]
[0.001526 -0.006439]
[0.001404 -0.006439]
[0.001404 -0.006500]
[0.001434 -0.006561]
[0.001373 -0.006561]
[0.001526 -0.006531]
[0.001312 -0.006531]
[0.001648 -0.006592]
[0.001556 -0.006500]
[0.001465 -0.006470]
[0.001434 -0.006439]
[0.001404 -0.006470]
[0.001434 -0.006531]
[0.001434 -0.006470]
[0.001434 -0.006531]
[0.001404 -0.006622]
[0.001495 -0.006531]
[0.001587 -0.006653]
[0.001373 -0.006531]
[0.001465 -0.006409]
[0.001373 -0.006500]
[0.001343 -0.006470]
[0.001343 -0.006683]
[0.001404 -0.006592]
[0.001343 -0.006439]
[0.001556 -0.006592]
[0.001465 -0.006714]
[0.001465 -0.006500]
[0.001465 -0.006439]
[0.001617 -0.006531]
[0.001587 -0.006409]
[0.001526 -0.006439]
[0.001587 -0.006470]
[0.001526 -0.006744]
[0.001526 -0.006531]
[0.001556 -0.006531]
[0.001556 -0.006378]
[0.001465 -0.006653]
[0.001282 -0.006531]
[0.001373 -0.006409]
[0.001587 -0.006409]
[0.001495 -0.006592]
[0.001373 -0.006470]
[0.001495 -0.006500]
[0.001526 -0.006561]
[0.001526 -0.006500]
[0.001465 -0.006470]
[0.001495 -0.006531]
[0.001556 -0.006500]
[0.001526 -0.006439]
[0.001617 -0.006531]
[0.001556 -0.006409]
[0.001495 -0.006439]
[0.001587 -0.006439]
[0.001495 -0.006409]
[0.001556 -0.006622]
[0.001617 -0.006439]
[0.001495 -0.006439]
[0.001617 -0.006409]
[0.001556 -0.006470]
[0.001617 -0.006378]
[0.001495 -0.006592]
[0.001526 -0.006500]
[0.001556 -0.006592]
[0.001495 -0.006531]
[0.001526 -0.006470]
[0.001617 -0.006470]
[0.001678 -0.006409]
[0.001617 -0.006348]
[0.001617 -0.006592]
[0.001556 -0.006622]
[0.001556 -0.006500]
[0.001617 -0.006500]
[0.001587 -0.006409]
[0.001617 -0.006561]
[0.001678 -0.006531]
[0.001495 -0.006409]
[0.001648 -0.006500]
[0.001587 -0.006531]
[0.001617 -0.006470]
[0.001617 -0.006439]
[0.001617 -0.006409]
[0.001617 -0.006470]
[0.001587 -0.006470]
[0.001587 -0.006348]
[0.001648 -0.006439]
[0.001434 -0.006531]
[0.001648 -0.006561]
[0.001739 -0.006470]
[0.001709 -0.006531]
[0.001831 -0.006439]
[0.001556 -0.006622]
[0.001587 -0.006622]
[0.001678 -0.006378]
[0.001648 -0.006531]
[0.001648 -0.006592]
[0.001739 -0.006378]
[0.001648 -0.006409]
[0.001587 -0.006439]
[0.001495 -0.006470]
[0.001556 -0.006531]
[0.001587 -0.006317]
[0.001709 -0.006470]
[0.001587 -0.006256]
[0.001678 -0.006409]
[0.001617 -0.006439]
[0.001709 -0.006500]
[0.001648 -0.006409]
[0.001709 -0.006409]
[0.001648 -0.006439]
[0.001831 -0.006409]
[0.001617 -0.006439]
[0.001556 -0.006378]
[0.001648 -0.006348]
[0.001587 -0.006378]
[0.001648 -0.006378]
[0.001801 -0.006592]
[0.001617 -0.006500]
[0.001678 -0.006317]
[0.001678 -0.006317]
[0.001678 -0.006378]
[0.001739 -0.006317]
[0.001770 -0.006470]
[0.001739 -0.006470]
[0.001678 -0.006287]
[0.001587 -0.006500]
[0.001617 -0.006287]
[0.001709 -0.006561]
[0.001709 -0.006470]
[0.001617 -0.006439]
[0.001648 -0.006439]
[0.001648 -0.006409]
[0.001648 -0.006500]
[0.001648 -0.006439]
[0.001617 -0.006470]
[0.001648 -0.006531]
[0.001587 -0.006439]

